Case Study 2: PCC Prediction Comparison
=======================================================

Comparison of Predictions (First 20 Samples):
User            | Item         | PCC-Pred | DS-Pred 
-------------------------------------------------------
90807           | 1333         | 3.07     | 2.95    
77806           | 1333         | 3.50     | 3.61    
18704           | 1333         | 3.88     | 3.61    
4388            | 1333         | 3.53     | 3.72    
124867          | 1333         | 3.69     | 4.39    
102434          | 1333         | 4.62     | 4.31    
18159           | 1333         | 3.69     | 3.69    
132090          | 1333         | 3.97     | 3.82    
2499            | 1333         | 3.82     | 3.76    
59082           | 1333         | 3.69     | 3.69    
66628           | 1333         | 4.08     | 3.30    
99699           | 1333         | 3.71     | 3.95    
127292          | 1333         | 4.84     | 4.84    
146229          | 1333         | 3.97     | 4.02    
20249           | 1333         | 3.56     | 3.74    
80605           | 1333         | 4.10     | 3.45    
75717           | 1333         | 3.69     | 2.75    
131455          | 1333         | 3.83     | 3.71    
118918          | 1333         | 3.96     | 3.85    
48808           | 1333         | 4.20     | 3.93    
