Comparison of Predictions (First 20 Samples):
User            | Item         | Sim-Pred | DS-Pred 
-------------------------------------------------------
90807           | 1333         | 3.69     | 2.89    
77806           | 1333         | 3.39     | 3.42    
18704           | 1333         | 4.00     | 3.90    
4388            | 1333         | 3.00     | 3.20    
124867          | 1333         | 3.69     | 5.00    
102434          | 1333         | 4.75     | 4.51    
18159           | 1333         | 3.69     | 3.69    
132090          | 1333         | 4.00     | 4.31    
2499            | 1333         | 2.71     | 3.71    
59082           | 1333         | 3.69     | 3.69    
66628           | 1333         | 4.49     | 3.32    
99699           | 1333         | 3.69     | 3.69    
127292          | 1333         | 5.00     | 5.00    
146229          | 1333         | 3.00     | 3.67    
20249           | 1333         | 3.48     | 3.52    
80605           | 1333         | 3.69     | 3.24    
75717           | 1333         | 3.69     | 3.00    
131455          | 1333         | 3.69     | 4.00    
118918          | 1333         | 3.69     | 4.00    
48808           | 1333         | 4.00     | 4.24    
